8
9532
9537
776
9674
4182
7978
1126
2353
1382
283
10812
7304
3961
8573
9767
10219
11537
11785
10000
7994
9481
6076
2295
6758
4766
11395
9397
7931
5953
6516
47
1633
9356
5598
3254
4736
8432
1186
5640
11352
486
8136
3146
9643
8825
4966
6189
2695
5889
7981
3583
7465
11804
5791
7796
714
5183
1698
6883
6205
1998
513
7372
7988
10059
3193
1378
7640
9430
10988
3616
3235
8320
2493
6691
9894
4591
2074
1978
10447
2184
11068
9423
3755
10220
6545
8957
9182
3411
3969
7161
4338
7055
7708
8913
9162
3608
9051
4114
5831
6879
1202
3805
1644
8572
8523
3174
5663
11555
6255
3298
586
309
3879
9225
11756
3397
827
2773
5600
10237
1957
840
10109
11329
1667
10377
4020
3542
7241
10857
2014
3980
5766
10647
11754
9237
7102
8107
11046
8246
574
9529
9541
3275
7196
8066
2151
5192
7185
11810
2705
4627
4058
6973
1025
7266
11002
1265
11399
5019
3778
3526
1798
7403
4777
5822
2131
11589
7142
6745
5649
1253
680
7462
1447
3401
8799
1518
6193
2882
1933
5343
10501
6882
8589
11664
7026
8164
5918
11249
3652
3386
2603
50
10294
752
4453
10423
4686
2095
7407
8930
2145
3815
11106
7202
8408
11412
5892
4773
4225
9422
7132
58
9842
11059
2448
493
10358
6681
7552
6268
6309
3242
3769
2937
11499
11426
8991
9081
7276
3336
10201
2360
5667
3285
7598
9597
4688
6410
9632
11773
5752
4581
9195
6915
6602
689
6105
3597
11786
3710
9154
7367
7855
4227
4226
3864
2040
2098
2033
7873
6131
9519
4022
517
10350
1560
6302
4629
6503
411
8342
8755
11099
8765
9097
11845
8578
8256
7079
2757
3564
5841
3037
171
10724
836
7224
9675
783
6539
8773
4611
10045
6485
3563
2103
3276
1409
1861
5536
6839
3122
6120
8060
1225
10108
3178
8939
6564
10634
11442
5141
5945
3900
8289
3701
3943
2946
9912
5482
7205
4895
11418
7839
11813
6520
4639
8446
2351
8827
6741
1271
2867
10928
7907
11359
8726
5193
8004
4398
523
7587
2790
2886
11425
9388
11543
11277
10265
3240
1452
10897
6217
7305
10765
2062
11041
8402
2241
6207
7859
4497
2118
2150
8436
23
10974
6777
7624
7663
4800
1030
6308
431
9963
6972
976
9718
8337
2640
8656
524
2752
8285
8201
2320
6326
3839
5142
707
2569
3826
8553
8368
4791
26
2751
9208
8475
177
9671
7025
3311
11625
2213
4646
5673
4336
8786
4920
4091
5301
10531
3197
4330
2930
6644
1734
4318
8830
21
4481
8412
598
8129
8643
8994
7479
3625
5768
2149
11071
4819
6849
7999
2980
771
10292
11570
3722
9252
5041
11210
11027
10468
7760
9600
3158
5492
6705
8307
4003
11495
89
6541
10326
2342
5214
3448
9284
3817
1654
5010
3984
1160
9335
580
11534
9518
8715
7348
6125
11434
10263
2204
11710
7696
6198
5027
3928
3557
4300
4827
7192
4292
5568
7028
4484
5305
2430
5585
2854
1068
1108
11522
10794
8558
11842
11143
10518
664
10332
10253
478
5652
2981
413
2873
10214
2621
11819
2289
3209
2120
6046
6317
5733
10023
5352
7485
4355
4687
7303
10551
8657
2196
9841
11602
3072
223
6519
11608
7313
6011
1939
2187
6227
133
2338
1805
6220
8389
4939
8897
11450
1290
4810
9980
9194
653
11009
4803
1444
9491
10938
11698
3682
6218
7381
2243
2889
1883
1260
4756
2933
5481
3160
10490
5526
3230
11483
5180
11851
692
1548
4635
6009
4364
8995
8200
8083
10989
2637
8633
5879
2276
7665
9961
8435
6150
3093
902
9886
11025
9238
8417
9158
7784
1016
11828
6653
2870
9274
1512
1943
3373
5807
1049
7934
4516
5885
3570
1640
11716
6789
1075
2615
10249
846
10972
6689
9873
5601
1958
6258
1377
4815
455
8305
4956
10865
11835
11348
3565
7600
11597
8955
3083
1032
9543
8157
4111
6037
11166
3823
10446
1457
1888
4339
6431
9605
448
3892
11111
11783
5118
1676
4179
9780
505
4924
10961
5171
11384
8395
693
1581
5279
5014
5811
6293
8777
8621
10667
1793
9633
10143
9947
3304
85
8470
11440
3226
5110
5528
6376
10725
6942
7024
1372
11498
8443
4753
1865
2633
5859
1071
6793
2310
11282
4619
9987
11493
4329
11853
2443
11043
1392
8456
11307
4072
4127
3581
2691
9770
10083
9024
10658
8892
2388
51
7496
3299
9197
10966
8153
1972
1527
6141
9528
11186
5654
8859
1635
2801
1603
7290
11230
5120
10154
2866
756
11657
4877
9530
11393
11194
6047
7402
3027
2668
5374
5968
9702
8094
10204
9495
2094
4822
2781
8894
5899
10760
875
8445
476
2326
6428
4424
2012
6736
4
6186
4023
6000
2550
11382
5236
8055
5516
4963
165
899
1567
884
2238
2257
6349
11897
7163
5493
1561
3265
4579
750
5691
11283
2784
6932
2391
276
1198
9608
341
4837
5470
4564
1500
349
1621
1674
4459
950
935
8692
4534
1622
5626
5898
8648
7119
738
1928
7528
5581
3467
9328
11805
2153
1042
11690
8958
10771
11529
7503
8194
11546
10743
4698
7173
4157
9559
10568
1700
11029
10662
5747
4563
5179
2210
2762
7408
3527
1280
3026
4982
8898
1246
10443
5457
641
2711
3511
10470
2543
4066
1250
5840
279
1642
5782
3214
6954
8985
6320
1200
7017
7622
5606
7895
5788
4343
5905
5629
3600
5100
2960
7471
2924
8679
7110
3689
44
1894
9579
6445
9310
11516
4191
964
11613
8866
7883
5450
8302
5318
1301
9415
5944
1580
1166
2219
2724
11239
10718
10008
11654
3891
5930
1780
1792
10633
9039
6353
728
3745
9299
4876
11594
4132
3357
1927
597
9595
11720
1197
174
6459
3380
3123
6824
1963
10317
10437
11401
11318
873
2639
11255
7500
2624
8210
2032
10834
6616
2296
7703
5801
7472
4584
1149
4232
1285
2575
6511
3966
7840
11856
947
10015
11217
6139
8414
8959
11081
3747
4598
5560
9928
5637
6786
2741
1602
3150
1037
11381
339
6980
8228
8809
468
3059
11368
4483
11093
11619
856
7319
7179
6036
3301
6424
2482
42
3525
7754
4860
3687
7246
1664
9487
5916
4944
3120
172
5919
10413
10587
10937
9546
2558
10903
11692
4430
9346
10956
1519
578
8921
9522
1999
2598
11861
1911
8211
4464
8377
7416
3903
6400
4244
3126
3343
1570
11671
1607
1006
11195
9054
5052
4123
9860
362
7791
5736
262
6276
10807
7968
788
5350
8790
6479
9944
10473
1590
6984
2233
10906
2157
7597
3143
1728
2810
11588
8669
5255
1288
10102
10116
4021
5129
3331
11496
7955
5513
9393
2975
6108
7588
11542
3219
4018
1207
5169
6394
389
7758
9087
181
6692
3765
9212
1992
3728
1784
3622
4145
1582
9793
11226
10010
464
301
8771
5003
5721
6446
7151
4054
1837
5638
3279
2815
11871
6561
2433
2060
8481
6209
10396
6957
5531
7398
1920
7238
9898
3109
7048
739
4735
922
7734
6929
9323
4524
7688
7371
687
7254
9110
5992
1760
7974
2999
11480
10479
4308
2684
4492
4521
10700
4875
4106
784
5717
3796
8224
1420
2687
9458
5615
3061
6626
1537
7945
5432
3490
520
9596
2083
8051
1702
8660
10215
3822
11626
5227
5636
8270
4873
8689
3866
5705
1489
7698
3740
11831
4043
9739
11355
7441
11054
8014
8742
1923
8963
110
8115
10835
6005
7572
2337
319
11562
6451
1356
9996
4918
10232
1890
6573
6583
4198
10304
4616
1714
5862
7768
237
9805
6481
5850
735
2363
5698
8557
4253
7777
7700
5306
5351
5874
9441
5426
11679
7107
3055
5744
881
10141
5310
7180
4092
7128
6476
317
3746
3206
6420
2313
8631
2119
2855
6881
11413
9825
2205
5858
880
4607
6056
11094
9319
10670
4122
5710
6717
1410
3657
2458
969
1248
8013
7061
6498
5069
3444
10602
8113
6792
9086
8496
951
9798
4834
6177
10072
10828
2590
3038
6949
7694
9472
1237
3082
11078
1756
4190
1307
5064
1357
4606
6797
1180
2041
3429
5325
9569
925
956
2750
6930
8426
2422
456
2726
10698
7576
8530
1408
2100
9419
5987
11121
9628
5677
5367
3554
53
10106
5181
5802
11832
11700
7052
7208
8468
9264
6194
3793
1745
6180
3767
499
545
9428
936
11205
8887
4207
1663
7728
2777
10754
9651
5857
9855
11668
5642
10537
8629
11207
6548
10421
4550
3300
8800
11242
3118
356
8934
11893
3313
8497
1001
3782
10567
7149
6032
5221
11095
1222
10278
9233
7814
1152
4252
9192
1594
1241
9598
10552
3675
569
4722
3949
5520
336
10825
3808
10273
9102
8711
8369
6419
2081
357
5206
1171
7705
11156
1693
6143
11439
11744
9827
5226
5737
9146
3314
7827
9683
11833
1380
8179
3245
7344
1961
2707
9788
5852
1502
1639
1055
4769
9534
4630
8641
9003
2256
1264
6580
5379
10955
8626
8903
1804
7961
3899
4594
5902
6204
7626
265
2699
5349
11402
7530
9234
4696
9334
2663
1891
9017
9243
116
5117
2966
1094
9343
1319
10934
1828
6443
7746
3152
6781
1531
1370
6993
4089
7972
8128
1146
1170
10650
2871
5303
4243
11895
5209
5941
6782
5545
3707
878
7847
10079
224
11549
3353
8874
1086
962
10190
8449
7989
2164
143
5205
1233
11333
9389
4410
1162
1012
2643
9181
11154
10248
10555
7645
6582
7264
4567
2613
1223
7880
5275
8106
1249
6916
9131
7021
4263
677
3738
3968
9978
8990
10738
4365
2748
2554
7935
347
9989
4832
6041
7558
5056
10287
2696
3883
11789
6495
3944
10887
2630
11158
9778
10465
9622
6144
1441
66
5030
2418
7243
2760
4503
9164
9803
5335
5692
11140
1056
4670
4476
1069
8857
7800
6053
1506
7808
11660
9915
6467
10611
5359
7459
3412
5442
5853
11273
4578
9843
5105
5502
3677
9889
1680
10967
8861
8072
6253
2812
6640
2414
3404
2779
9410
8945
3517
114
2846
1113
506
1922
236
1822
943
242
11070
1706
7633
7220
7595
8137
7405
6823
1009
9960
9814
469
4764
7280
3598
1458
10371
9920
2446
5855
2254
1139
7003
1476
4675
5749
6699
88
10430
10357
6287
3596
9935
7561
1785
6464
5557
2976
4119
10697
3534
7
7168
7247
2335
1442
11557
4474
7059
4509
5625
5034
160
1261
10639
6960
10659
1337
7497
2218
3407
49
11793
6080
9297
2995
2212
3781
3326
3762
7590
10687
1808
8161
1717
9777
1344
7023
2885
6162
7838
7410
953
927
7292
7404
2671
7747
3008
1596
2584
5849
6621
9698
10915
11031
819
7114
6024
7772
2542
11521
5449
1901
593
7538
3182
8205
368
5643
8190
7351
9298
11336
10225
11270
10981
4137
4887
6826
4862
2942
10952
10648
8131
11492
9325
10950
2997
10846
1544
11174
9725
10336
2407
4108
1000
8575
2236
11561
4332
5340
8724
9916
10817
4799
471
6426
9913
5476
2372
4915
3948
1970
3634
11299
10852
8174
537
1625
9358
11611
2069
6360
1038
8852
11279
6484
4525
10400
4076
4000
11742
7022
255
1643
6634
72
4889
11870
6436
6369
2183
6753
8829
3910
3445
11417
9439
1244
5043
1181
6527
6408
4583
7541
8849
644
7535
8663
11392
8195
11214
2134
1803
11457
10103
2272
9267
3132
289
1177
7435
11373
5058
4478
137
7674
5189
3480
6530
6072
1058
4709
2563
3522
8425
11730
11520
4570
6040
10586
7074
11126
11586
4334
4636
3303
6303
4427
9666
9063
858
5939
5959
5330
2944
6321
6742
11844
3637
9602
5223
3236
11436
11702
3106
6148
5554
10394
2434
4479
6158
3213
11391
9587
11159
10696
3680
1600
522
6068
8185
5475
10801
1988
1880
10509
7825
5740
8718
2451
4158
7207
11243
1214
4763
2913
2466
3987
9755
8121
54
6820
9261
5077
11763
9977
7845
1641
2749
2806
9527
1367
7498
139
7623
7262
1274
7390
4693
9418
5323
7877
10158
970
11182
6288
6425
7150
8811
2851
11538
6733
2009
3691
9892
11146
7680
1918
497
8502
3764
1736
10442
894
6730
9436
9314
3759
831
3067
6760
3619
11682
9574
278
8125
2195
11634
9681
1766
3611
11894
5810
3760
1585
11284
5608
6462
3149
2317
10624
3100
10880
2107
6385
3368
3621
4897
10014
9754
6396
5404
5983
10130
7057
9859
2488
3449
1919
6854
11221
9159
7070
1905
4829
303
869
8236
2890
3018
10780
7199
7609
10295
6409
6062
4349
3049
5509
9572
6666
11049
11276
8050
11424
1797
5824
9450
5418
4968
817
1289
698
487
6994
6557
6172
10516
11604
11033
4727
9760
4233
5168
10124
8741
5267
1140
11525
11662
8052
2024
8793
2974
8316
7380
10645
491
7359
1742
3076
2587
7975
5079
252
650
2112
10277
8935
6449
4141
7432
542
709
11096
8024
4903
3351
3965
8544
7401
9613
3990
6713
9946
11713
905
7983
9033
2311
9998
3992
9578
8587
436
6638
7210
780
2387
2979
5839
6029
761
10543
313
8748
10484
4741
11630
10882
10409
7334
1272
8720
3195
8111
287
3579
6077
3852
1629
2645
8268
8463
2948
5378
4573
2278
10785
4861
5234
1213
5090
2701
804
7644
3172
3547
8416
9326
8713
130
10506
6969
8580
2733
8597
10881
11069
4121
6739
11197
2383
2122
9957
8465
261
757
6128
1991
9193
4893
7245
1986
9380
2952
10527
4582
10307
9538
1517
6170
1133
9478
2792
5269
7982
8427
4649
11848
7763
1896
7818
6064
6961
9676
4075
8734
9870
4755
6570
672
1082
10575
10851
1492
10719
475
6791
7369
3770
10402
801
5950
10750
8831
11576
997
2004
11554
6236
3308
4471
8165
3930
567
1989
3382
3875
8483
11013
7295
9724
4794
11659
11036
3274
2694
4813
11876
3967
9088
7489
8567
8582
1190
8166
3089
9504
6630
7925
8919
2067
4385
6671
10590
2136
770
3406
4005
1576
3025
2504
8464
7911
7596
9121
3388
1123
10480
7635
5986
7578
9758
437
1391
32
668
8654
5960
4452
5186
5345
7678
5445
6020
7876
3853
329
4220
5339
8803
6940
9342
1670
9581
3208
2669
1877
6855
1996
4250
1917
11823
6897
11370
7283
6784
9704
8628
6584
10907
8404
1296
474
7816
3395
6246
937
9209
5599
11196
3887
9849
5881
957
326
11518
10609
7162
614
3035
3181
3590
1053
7918
10819
729
11183
2920
7547
4051
10540
10044
8124
11487
4299
6245
9119
2270
11691
7743
6281
9832
8367
8536
10288
10990
1540
2305
3177
10030
5854
7693
4934
5537
4032
3982
4792
3575
5845
2727
275
7086
5664
2919
10603
639
8690
1827
1589
5787
7871
4785
8248
605
4880
5265
4770
4823
6627
282
3440
7668
4457
571
11635
10802
11338
3824
7564
168
9779
3154
3712
3970
7984
75
5039
4520
11421
1932
1091
461
3435
4285
10656
4328
2943
805
8671
502
8078
2764
7376
9688
2057
1340
1485
6065
9464
1795
11737
1661
408
7133
3646
5553
2634
8281
11184
916
3845
4310
11254
9157
6922
9317
8005
2612
10360
5741
10559
7331
4185
9933
3829
5229
2209
7861
3381
1481
4507
3470
6434
10914
4270
7239
1668
8458
11609
11204
5211
2282
1026
6611
1686
2394
3950
5812
6014
11644
4454
798
6845
781
8962
1568
8440
10677
9286
7683
2857
9907
5836
1191
7851
2936
9999
4351
9548
6104
3332
8782
9161
10815
6706
4361
6440
11028
8700
9626
2765
4751
654
3975
6867
11569
2086
10450
2364
10876
4393
2916
4183
9451
8966
6060
9271
10520
584
8696
11369
2579
2922
7769
4998
1735
10668
1645
4267
3896
9964
10356
6043
11736
6142
6159
11790
11841
2884
183
11899
4115
6641
5135
1461
604
3469
8208
5694
6667
2602
9840
6357
4173
3125
6432
11380
2761
2239
11356
5054
300
7836
4995
9373
4661
2049
2783
9815
8383
2940
3165
8159
10411
8647
11114
2462
3408
829
11470
433
4333
4847
6480
7382
3954
8082
10037
6875
4104
7148
310
7842
2507
2314
9747
6241
7456
1362
4899
4537
5820
1150
9002
5864
2455
10118
9512
6373
1510
11680
4101
740
76
10208
9611
6568
10547
7546
1948
5843
1228
3028
2673
2527
4971
2688
10478
3475
9304
5443
7195
6166
10152
809
2361
3244
4700
7710
7856
7397
8725
8421
8275
8821
4706
7357
9251
409
8011
1497
7165
2843
8665
837
795
6290
6049
6800
7608
10
11792
73
8287
2341
8645
1081
5287
2972
10299
7174
4724
558
1829
3498
5463
5273
11429
11229
11552
6919
10710
7557
1546
134
11645
8057
3741
7613
5519
538
1115
5483
1061
3239
3996
5619
3175
10889
1553
3963
3367
7320
9134
3494
4055
5890
9565
8814
10328
2424
2666
5291
5848
7095
755
6658
9851
6500
3886
8235
4235
8462
10370
10255
4240
8783
6802
10048
3084
7089
5440
7833
5042
4082
4673
4676
1953
3720
206
5127
9010
10904
6750
6788
6234
6537
785
234
11200
5297
1403
10792
9588
6179
6090
7857
9619
4959
8019
4531
10797
10308
2471
2242
2117
5485
7297
8252
2319
9407
6342
4477
529
1730
9765
5995
9655
370
11303
3057
7123
10594
10388
2101
374
2465
5088
3446
8001
5720
9427
4184
5320
11298
6808
423
1063
9737
9004
10751
4778
316
1201
4206
5588
2366
6891
107
1204
9924
4381
8977
11616
5247
9124
11705
2826
4690
6571
2517
11056
6022
7446
6412
3513
3030
4265
3749
4042
4133
274
5059
7625
1287
2708
8070
5144
4617
78
1235
10448
2881
7956
4246
239
671
4202
3727
3827
11216
2636
4224
2357
4898
8120
3318
8618
11497
9727
8834
5970
2845
1338
11035
7712
5621
8570
7757
4199
8895
11639
229
118
7288
9076
8109
4438
11732
354
929
5725
1762
9318
9738
295
3986
5331
9145
8937
8501
7537
8505
5123
5993
4928
6904
9982
195
5622
8888
10756
1419
9985
4073
5038
5580
1812
5006
7604
9411
4317
4614
7874
1434
3773
5660
681
3091
3032
4539
6955
2182
2547
71
3642
8297
4705
1847
8884
9116
8280
5182
2494
4305
9837
8356
11526
685
7933
5311
7654
2672
6959
688
2484
8712
7081
1966
10844
2566
7775
9568
3309
7646
8250
7009
3574
8187
5314
6491
6540
8754
8272
7903
8872
9742
10171
8615
7088
6377
1013
10007
4976
1046
11815
5656
10607
10890
808
5477
11590
142
11231
5641
5104
7783
11767
3804
2142
5093
108
10757
2813
1853
258
6136
6513
7268
11088
658
3338
7897
10525
508
4264
4437
6146
2798
6378
5063
2262
3615
8870
484
8058
6299
9864
5324
2577
4344
9603
6274
11684
2420
5706
7967
5586
425
6612
3058
9308
3291
6874
7726
2899
6999
8918
11769
1710
2593
3857
7228
7922
11709
7447
11504
8971
1830
5025
11747
3519
4142
3222
74
842
2600
1304
1321
305
11807
7366
8466
9226
2294
227
11168
10243
8776
3117
5963
1688
3417
8517
251
5832
3263
2778
1704
8023
7742
6544
5447
4010
637
3835
5795
3450
10598
11809
1087
1363
7731
3816
2029
10159
4504
2513
6933
5773
10354
3929
7050
8431
9852
3612
968
6523
5933
5439
4678
10888
10494
2198
5540
5307
3552
2591
4560
6732
4541
11328
1947
246
7884
1555
5712
7257
11905
9950
6946
7980
3356
8896
11704
6486
5634
4194
10654
4009
5474
419
6581
11365
1778
1648
934
6492
10092
8358
201
84
1934
600
4291
546
5164
3130
2346
10462
8564
1971
6197
6694
10063
11004
1541
10352
4236
6452
7362
6967
10898
11387
2423
5428
4978
7892
3714
5991
3137
5734
1169
435
3631
9796
4016
4728
3908
2045
6727
11599
11571
5228
2721
5948
7082
4172
6019
4703
898
1850
5552
9649
2656
9417
1566
2161
8489
1806
4346
11840
8152
11361
6192
7187
6244
11397
10042
9049
8379
335
2728
11419
4352
273
5096
1579
7810
10054
8429
8801
9259
5815
7893
14
1886
6893
5184
2697
10339
3287
8025
5072
4737
6635
2139
8472
11632
3693
10076
62
2365
9690
6338
2486
11219
1884
3856
10196
500
11131
136
6084
7449
855
6033
39
2368
8127
10286
3505
7379
4748
4566
449
7060
1494
3413
2246
5570
11113
2767
6363
9083
4878
3260
9077
3874
10093
10439
1475
8245
5750
11452
995
10663
911
3060
6950
9381
6673
4287
11816
6669
5268
9144
9355
5451
7920
2111
3678
6304
8241
3207
7719
426
10689
5923
10774
6488
1019
10067
10970
572
7717
8593
11459
7307
6833
6910
3863
3441
10962
11771
940
5539
6704
271
8437
10831
1322
179
3742
8299
3039
290
10019
2759
9170
5912
3270
1513
1258
4049
2343
5361
8532
4436
10372
3776
5533
8347
1036
5645
9065
11796
10009
3662
2607
10167
4843
11623
3560
6203
1406
5726
3876
10978
3017
8405
5370
5523
1341
865
6803
4715
9223
11155
7075
3249
4605
5145
9769
7878
4526
10120
4440
8599
6798
8616
733
6731
9090
5278
1777
4543
5399
2092
5532
1155
3502
6405
4633
5191
4357
11776
8114
4974
8928
4501
10090
4201
5397
11628
5860
11414
4945
4513
1405
11890
9444
3021
5082
2588
6305
794
5066
4217
3056
10858
6787
9442
10991
308
3036
724
1112
5547
1817
4967
6355
4421
868
3436
9646
5225
8096
2330
8386
2253
10209
7841
822
6483
1183
5834
9095
1196
22
9726
2392
4882
581
9592
4197
1159
1783
6702
9789
3606
6089
6115
10735
9930
5015
10297
3868
10853
3504
2822
3473
8730
5657
10538
2794
2084
10080
7427
3851
8453
8638
1101
8065
1846
250
2128
6494
190
10892
10616
7101
3288
10081
2611
3530
792
8907
9200
6951
3922
5099
4663
1468
1045
5900
1232
7072
697
7013
8381
11872
6078
5241
11572
5670
9185
5774
2331
6991
7991
8747
1559
4654
1577
5562
8596
7463
2989
11172
9642
2710
6012
121
7164
4166
2293
194
2123
7896
1436
202
3544
2811
8459
5572
3434
7031
9958
703
360
3454
2359
4793
1310
2158
2444
2609
8037
9295
4034
5478
6828
4626
9615
5220
9059
3387
1323
5868
10135
9965
7725
10070
7322
10001
1611
8239
5401
8079
2735
11324
8751
8370
270
10593
7850
4485
3524
1987
11768
4356
7364
6534
4193
390
4826
9125
6842
10147
3344
7723
769
10472
6215
140
9625
10344
3882
5139
3116
9206
11468
126
10863
11706
8987
155
8650
1542
3806
1263
11724
7599
9072
1469
9247
4854
6264
7007
2864
5635
4866
8584
2001
2824
7147
4500
10636
9424
6254
10016
5276
10816
652
10600
10449
3821
10270
1938
11582
7428
9353
10727
2483
1515
7948
4789
6649
2432
9489
1549
7312
6453
11334
1107
350
9096
2460
10681
3862
2298
6407
9114
6504
4431
4804
11473
2439
10530
10995
249
10266
3672
4719
4754
7041
2934
5875
7606
2171
9012
531
10886
5504
8476
11675
1054
254
4045
9620
3133
7281
9942
5416
11265
11022
11462
2421
3474
8398
4865
1843
11814
9503
6853
7012
3588
10854
11305
6674
1189
1443
1276
2017
9901
5341
2763
8845
9199
8886
10746
6319
2983
11104
5376
3725
7867
2054
3983
1505
2651
4116
6456
5937
10976
9865
6525
3972
11749
9696
11663
10522
7071
6860
10475
3155
10861
1968
4175
1885
10717
346
973
4650
11741
6944
9349
4556
4012
10316
11806
813
2410
7177
1705
796
6729
8219
2146
8986
4047
4814
299
8400
10748
11465
7629
3753
6569
8706
3955
3405
7761
1671
9627
3264
4095
3271
11112
146
628
5503
8141
7849
11105
5803
8284
10560
5055
7488
6100
10770
5895
830
4529
216
7478
10769
734
3695
799
889
6017
3012
8354
9997
7419
6134
8996
10762
5022
10250
8394
2051
3390
11759
4195
1592
8931
5727
6894
11551
8603
9289
1052
11371
11301
421
9582
1508
3988
5997
3576
994
5453
10911
10293
11129
9970
9129
6868
7209
8452
7251
2449
7631
9396
2155
11193
4362
9301
4625
5246
4455
2427
5060
6354
1148
3620
9440
9053
7443
1084
11385
1556
441
4871
6947
2039
6911
2665
7448
8610
564
1859
8813
5578
56
4572
6718
10798
5758
1003
6160
6390
4511
7445
3238
10933
6624
11553
7727
7610
3328
2419
1874
2115
941
8512
9153
1866
1060
4774
9661
5558
11800
359
4463
77
10959
4738
1951
1044
2231
11762
2408
11687
5414
5040
4378
1535
3859
220
5057
1124
7555
904
2823
11722
5603
5369
1627
10491
8879
2720
4313
11884
5979
11211
2841
11398
5355
4461
7091
11125
11171
11904
9866
8652
7121
3302
510
867
893
9991
8507
6610
2574
1904
8840
3462
11311
3456
1493
9867
5681
696
9733
7802
11475
11501
2835
9508
4136
2395
4149
6586
4510
2774
3849
2520
4180
3016
8634
11603
4852
3641
1156
6536
4496
1106
6145
3976
11721
11545
4911
7328
11888
6044
1417
3594
4681
2973
8843
11416
10708
3111
8170
6723
1689
8030
1224
9524
676
4192
2901
5561
11509
4254
4432
9806
1752
6766
9890
5593
4491
81
624
10419
7341
1014
2175
10160
8695
3514
11377
10953
10440
4037
2034
2742
3138
8158
8646
10061
11500
3830
6764
9637
11224
8619
5280
1015
8672
1851
2617
4118
5695
575
6526
11712
3897
5467
11883
8448
3933
2478
4390
5277
10558
4714
10795
8983
8222
10554
7942
8188
2489
3409
3694
10811
3322
1130
1342
5952
6502
6178
5575
6767
3716
9337
1018
10150
25
6522
11252
1974
5138
10289
6547
440
2259
6002
9878
11837
7659
1099
1681
8500
2288
11717
3647
1051
13
11464
7193
9816
8701
5825
2437
5672
7460
11063
8244
3105
2649
11084
7078
1913
6279
557
10776
5016
1707
2473
10036
3668
11089
4576
11293
1161
10822
5337
158
10703
1687
10571
5175
5454
2240
10859
2390
4628
7004
10921
6708
7097
4282
982
37
872
642
10091
10043
5327
11550
861
9300
2820
385
8569
5456
2693
2689
10895
8506
2505
465
6628
737
4729
6067
1134
11137
7160
2389
879
9190
9506
8278
1255
862
1684
2961
2583
8766
217
3658
7099
2788
7575
702
9367
6765
3702
3064
2545
9544
3416
7178
1251
11335
516
9863
366
5838
3825
2821
7067
2865
11782
1098
6489
4723
4247
1242
1067
7249
11733
10087
11187
11136
11262
8960
4784
7748
3355
5332
3205
35
6071
11577
5258
8008
6157
7675
2911
10374
9455
4442
7996
6356
4342
1732
10548
1925
11092
4601
7860
11074
3503
7866
6116
3170
7919
1767
9648
6976
11761
7869
1482
592
6301
11181
2264
1725
6380
1609
5420
851
11026
6780
2523
4323
1121
4585
11674
10908
6928
7244
5865
6914
1632
7569
7998
2170
29
1114
8130
712
640
11266
2614
900
6751
6045
8571
9108
1477
3737
9263
7229
6852
7556
8477
915
11696
4309
10875
8087
9590
3865
8904
1820
8098
2968
3501
6070
5755
10197
10096
11511
6339
482
7586
4505
152
3748
5527
10459
6137
11016
5798
20
3568
2163
11489
11015
384
2077
4758
40
9360
9165
2297
11260
11123
11453
8835
4036
8797
2847
10240
10505
6001
4256
10874
3661
170
3003
4980
422
4098
8883
2627
8043
6343
9874
1791
4742
10784
8282
10384
11098
3002
10256
1914
8745
9993
10570
10838
24
8371
7601
3092
11153
8614
7584
3757
10311
10745
2519
6712
4604
2174
8225
8046
9296
6799
4372
10381
7470
10620
6248
6243
7206
2844
10621
2954
1215
10361
2923
10533
7077
7442
1699
6455
7201
6819
8258
11647
3112
1743
10515
1430
3283
318
8293
8602
2736
1125
3684
11165
4327
9222
6435
3004
7467
5256
6587
1157
10850
11482
11784
1079
551
9708
348
9776
10453
4139
5909
1909
7284
2797
10804
3758
11006
2659
2771
5084
10565
4063
4241
5837
9877
3537
8890
2571
7117
4460
888
10736
1439
2349
4150
6762
1268
2578
10872
10461
8868
6075
5529
7454
10438
1552
7806
2
8761
7729
8606
919
5154
5867
7504
5200
10919
9426
6796
5592
10073
307
7560
10996
19
6188
1387
5674
4426
5914
8601
11731
9128
7455
766
926
772
3392
5650
10021
3033
1504
11862
7278
8119
6643
10236
11289
5235
11103
6555
2135
6528
1083
6619
7940
288
11127
9498
6761
3888
3650
3918
534
9408
9273
11640
7424
8218
8207
2706
10508
9029
3595
10456
6952
4544
10117
8039
6098
4169
5417
7835
9309
11441
1352
979
2328
7890
5218
3640
4480
2718
9862
2965
8149
4341
3902
213
8203
11367
2529
6979
10026
4725
7384
9736
5338
7959
2332
7260
6031
9000
4126
749
10823
9927
9384
8926
5969
619
6439
2400
9497
7764
620
5281
1910
5358
9895
4900
3837
5863
10946
1763
5102
10164
1771
7862
5739
7073
6082
5907
1993
3546
8093
9094
863
1787
1298
7098
2416
8382
2982
3400
1402
5329
4545
9695
7523
9484
4615
5207
5886
3941
1131
11907
5548
3316
2582
7094
3131
7738
3015
3628
4028
7749
6042
4677
1980
10058
10788
5518
2440
5035
1331
10730
103
1514
4552
2807
10641
6964
3180
633
4304
9047
6368
4940
4602
3199
2662
10136
3898
3476
6688
9561
11617
11637
2674
7927
5662
9477
483
8954
1192
9693
6119
3347
4176
4186
8710
4371
2287
3946
10101
6572
1299
2214
5996
2729
1278
6779
1343
9420
6097
150
7879
8126
7681
6184
3365
2709
9670
8047
9471
1059
2700
3312
9833
1879
345
8326
6618
4517
11887
9610
6421
2275
10056
5178
11638
4665
6013
9871
8467
5715
11208
5973
10618
4743
11466
7929
5956
11030
10826
5932
400
9211
9795
1010
8699
10829
7194
4151
2531
8855
6873
8067
1208
7354
4209
457
1526
6876
9220
533
10619
11119
6554
4608
2464
7373
9790
6966
10173
5767
4783
8076
1631
3324
4958
4152
1138
4786
1630
5384
9483
629
7779
1779
164
2140
9906
5522
10013
11021
11271
1605
9405
490
853
9614
5759
8176
1522
8234
3681
2076
1694
7314
3920
10814
11515
1361
4068
2306
5796
743
10957
473
4952
854
8279
833
5385
8419
10441
9019
344
6225
4760
6517
4644
5249
10466
11376
8644
9365
9745
11147
10840
2072
3141
10574
3932
6310
11621
4001
10027
9035
11649
6906
10761
7126
5128
7444
8951
6598
6652
2211
6473
11532
10355
9764
3415
2091
2631
9348
2480
9214
3186
9089
10200
5935
3633
8134
3398
5382
723
1318
3359
11755
3974
5719
7765
6552
198
2910
8355
7399
3927
6918
1864
2459
11389
8494
3421
3458
11689
6701
6389
11001
765
923
10203
1935
5765
3477
9759
5198
3914
8770
11802
6444
987
2533
5507
1584
11164
7679
11714
9329
2000
5696
6499
10900
1142
5826
2441
7423
844
7105
166
4853
1845
9525
1569
1990
8823
5238
9510
10312
1385
2141
3189
5866
8439
5116
5410
11432
2088
2180
10680
8993
9386
3045
7183
11738
11866
11394
6588
7336
9256
7627
8413
2426
7573
10793
988
8420
655
7234
512
3258
1127
9884
9338
7271
2830
6721
8891
7144
993
5333
7685
3847
480
6237
6214
3779
7011
4589
2510
5813
9135
4084
11527
2303
8774
623
9678
3535
4932
11308
1141
2284
673
5430
9893
1336
10778
4817
4120
5092
11101
4350
9976
9023
10078
4465
9694
8357
6051
11906
5703
7545
8177
7421
9330
10692
6460
1858
8561
10766
7042
8160
9586
9732
5806
10075
10310
3809
7707
2386
2525
3698
4648
3024
1746
9941
7949
1741
11409
8486
10144
2829
7755
8860
5326
2616
2456
2425
10213
9811
6161
4643
7865
3088
9340
7486
3041
11051
8731
7565
9142
5804
5023
11178
7793
4379
9461
9030
2786
6224
5423
9120
6815
11824
10768
7343
3536
2514
6507
379
1328
790
6923
8527
11677
291
11240
6551
701
7735
2605
4679
5364
5872
1438
3655
4575
5511
4303
8758
9448
9523
4040
6173
3366
1754
7585
3548
7481
10969
10463
560
3654
2371
2043
3261
5607
3717
8140
9433
5981
5074
678
7231
4288
10134
1327
4577
1164
9173
661
7093
5618
5671
4955
11605
9647
912
1941
11167
4293
4258
1716
7047
6620
8752
6282
1252
6938
83
6660
10349
2405
4707
6313
113
6275
11011
11860
11275
3515
1218
11573
1345
1838
10867
375
5018
10944
3715
5219
1690
8229
10699
2376
5785
7346
7953
4008
1788
1701
5114
802
1480
8817
5936
1256
2203
4555
7952
4257
9122
6121
810
10606
6457
3794
11646
3924
2528
315
9032
10821
5964
4869
7965
3319
8537
197
9044
3305
4458
9064
226
5045
10017
1206
1273
1501
10578
1064
3995
7255
4433
5231
9463
2027
9188
2734
415
3391
1610
10947
55
8694
4367
10638
1811
718
11451
1008
3834
11901
9829
2628
8015
1486
2657
7607
1587
4411
4641
1078
5250
10566
462
4801
7253
5065
8627
4160
7652
4508
645
3993
4548
10069
10407
1175
95
8036
3690
5500
10210
8838
4951
7337
9219
322
4211
9011
2186
6662
3418
7525
7605
5653
2222
8373
8529
4872
9556
4260
806
9520
363
3419
8732
4403
3167
5559
5262
9429
903
4830
3452
6505
2312
11547
3171
2888
11297
298
4414
7477
5316
5510
10343
4294
6837
5549
3855
2747
1892
3376
3488
3095
6617
9217
97
3623
5913
9576
3791
1090
8322
7318
8875
11585
7388
1881
1110
11486
11014
8889
6271
7062
11228
5713
4855
1899
7411
7923
2192
6836
10280
8418
4450
8044
4530
10028
9306
8611
4074
11701
10544
2047
11406
3669
3168
10498
9443
3532
9969
4694
7270
9057
6510
9036
1070
10218
3023
2056
1503
5940
8330
2302
38
7798
9804
4664
397
4874
4502
1027
8212
763
7701
7068
6591
6814
6147
5666
4841
3080
5363
1324
5602
4549
3098
405
1499
4833
11631
4189
9809
3234
9752
6285
2290
11423
7267
7100
6328
3666
4858
8108
8027
11179
2647
3135
4196
3352
3613
5203
1588
11083
3128
10107
7963
1329
4845
11578
9881
11729
8566
1496
4879
4239
4096
3310
5357
9667
3282
2595
9050
2096
6474
5012
3916
10275
418
8850
17
7464
6109
7429
2461
5998
9216
2417
1841
7122
2552
9858
589
5870
416
5172
123
1597
10321
8839
8105
6563
351
10931
3396
6058
8313
7181
10564
10927
591
9034
5049
215
2445
2472
4997
11034
4088
2127
11735
1033
9781
8590
9550
7553
6091
7125
7548
6210
8662
8384
6365
2732
1100
330
2692
214
8789
3754
2539
711
9807
3801
10195
6429
11108
8944
501
897
8214
7583
9967
3998
7778
11257
10883
10954
6724
5550
11415
8240
986
9995
727
2247
8559
9975
5346
5029
4311
4417
9636
8764
3516
4110
7289
10246
4486
1875
10584
1651
9986
9663
11558
11574
4587
1964
10469
7440
2082
6909
7828
511
10389
3253
2744
5315
11642
9599
6167
2702
5113
6415
8708
981
7773
9856
1034
6700
10046
8391
4596
11726
9046
8117
4002
9713
4056
11388
8636
8909
3531
2352
8885
1782
11878
2316
5444
1831
6549
8901
10635
3371
4985
2401
6654
5582
5623
70
4805
1390
9641
10416
1498
4571
7104
11383
754
3151
68
4415
11038
2080
8233
6804
5284
1819
10279
6337
4926
11067
6228
5985
6844
4423
2622
4580
6813
3558
5990
8274
10125
8498
2887
4495
1257
6597
10222
1983
10313
401
4297
10592
6231
10168
7063
231
4999
9542
10733
7214
2167
10138
2356
7298
10767
4030
9313
10732
7053
7843
10510
3559
5742
6531
4708
582
4883
3601
4425
648
9092
11471
6734
9236
7780
3247
850
2129
1491
8006
939
1384
1279
634
596
4462
1205
525
4595
6908
5095
8054
2928
9740
8635
10216
8231
8792
1624
3556
2927
5783
3905
11850
8343
4927
8723
2848
11052
10841
4283
11449
2949
7406
8488
159
9268
6768
9575
8691
7277
4071
5434
6710
9479
2499
4094
2475
7544
6433
3991
5321
10671
4977
9981
5609
4014
1348
11610
3321
736
10893
9910
5830
272
7197
9279
1315
1856
2358
2698
102
6262
3800
3385
11808
7139
10176
4697
8309
568
2675
1104
5421
5353
9979
5779
8968
7279
8682
2839
4353
2892
11268
1334
6935
4335
5563
3211
2956
27
5669
9566
2232
4249
11138
3280
1306
6364
8202
8042
9156
4038
7661
2406
9729
4156
4409
4746
760
2906
7032
1355
3455
11751
8310
6615
185
8608
5050
7294
2252
6759
9753
5312
6329
10749
5134
5665
7954
7263
7203
6242
2990
8392
9246
9189
2544
4274
10653
2825
2114
6153
9123
8311
7350
10405
3334
11267
10777
8351
4248
5068
11225
10763
6156
10678
6477
6752
2555
4749
9230
8116
1119
11404
3860
10744
7436
2809
5646
6945
1449
5655
11667
9127
7130
3744
1960
4441
9847
10122
7506
2620
5446
4280
11694
8623
626
11274
11601
561
5951
8363
9351
7457
3893
4482
6468
10971
4369
1731
9447
2516
9552
9839
6924
3528
10282
207
8348
10623
2452
1369
4237
7636
153
8469
7064
1677
11133
1379
9882
9315
3907
129
7507
11100
1364
5661
3432
2861
1275
9631
8086
3468
6590
1297
8775
4061
9710
10035
3626
2931
4143
10180
6925
3183
6176
404
1558
5263
2068
11778
4891
10451
8684
9224
9983
9401
7495
3229
4048
2883
9213
10260
5101
616
6059
10351
7395
6240
7904
5272
2876
818
8795
112
10902
8267
6021
748
3871
5555
566
9307
9730
4439
587
577
7732
1472
2551
10233
6106
7484
67
9462
2181
10949
3110
2269
8346
1975
2586
5732
8697
7805
7658
9370
9580
5688
10140
8574
8925
2904
1703
9968
708
6283
1137
6257
10077
5160
4856
1312
9938
9210
1604
10483
60
4559
9844
8325
8605
5304
6971
6533
2608
4210
7804
6314
10901
7378
6330
1796
4273
1755
4747
5605
10596
3479
744
6411
472
11748
2110
9959
11607
36
10932
6422
849
1691
758
7006
1814
1269
8401
528
1120
8099
971
5943
2988
10383
8009
7977
5224
1427
8156
5534
3074
6578
125
6463
90
704
811
2147
6890
11536
606
3362
11332
9040
11060
984
11880
221
1041
4569
9716
5954
789
7438
4041
777
2412
2553
4389
1757
4949
7275
11079
3124
1210
11567
8779
7687
3814
4603
11347
3029
3378
6226
2447
6004
11565
340
9925
7212
10871
1815
3426
2737
9160
5146
11209
99
5595
1194
297
4938
9376
9763
8012
4112
5871
9232
6698
2469
383
3044
10034
10845
7964
2772
10975
9934
7650
489
1524
9341
4396
225
4671
8097
4609
11344
10589
3293
10856
7083
9235
8562
7898
4446
5402
8653
11460
8943
8554
2898
5678
1794
5978
8992
1365
3539
6050
11874
5594
1234
1616
643
3333
791
10162
3101
11198
6003
4418
7146
11474
9792
5130
5244
3962
3267
6152
9008
192
7309
1557
4281
3414
11801
3428
1240
371
10262
10387
10454
1339
5934
10924
2255
6169
11322
6256
8504
8396
10759
5036
8863
3683
5542
4771
1085
3732
10626
8266
1459
8967
933
2743
2623
1599
11834
10191
4262
4013
5230
2850
11902
3272
618
2780
1931
1375
6639
1844
3217
2831
11139
2993
11327
82
8816
797
10230
9593
6039
334
8000
6565
8291
5487
6817
5469
2856
4370
10810
1193
6595
2224
9762
2858
3696
1376
1800
6996
5157
8312
5738
1423
6870
7582
10386
6661
2474
1574
5962
5086
9911
1876
6201
11777
3981
7539
10637
4647
3457
7363
1433
4942
10485
8737
10235
479
9468
11669
7670
2716
7080
5835
7422
11294
9684
1291
9172
1936
2775
5763
7581
3671
11711
10239
10493
3277
7737
7519
8454
6514
7660
10065
8676
6371
1965
2227
8189
4752
6465
1217
11272
10502
2945
3047
3278
9109
7549
8721
4062
8232
4134
3756
3784
3649
10980
3184
7315
1147
3617
2058
9151
6352
9771
4128
10864
11075
2712
3884
9875
8003
11237
1464
2325
3496
1591
6529
10523
2597
8549
2030
10392
4807
4079
10682
4302
4086
9699
9905
2261
9784
4405
9891
2152
6679
9228
3478
9070
6126
2560
9369
5771
5124
11039
5805
191
690
9853
10474
332
10918
10673
2036
7671
7992
6866
3485
548
5044
30
11445
57
2116
6113
954
1309
361
3337
7776
8095
10258
10706
9227
167
7414
4651
3685
607
9229
7256
8102
2869
4901
9691
9383
4992
2606
10234
8045
2225
7580
11484
240
9594
6447
5882
3031
1770
7799
10940
8804
8938
4542
2641
1400
8659
11245
530
5764
7615
4146
3159
1601
2268
8151
10909
131
10221
414
2872
6478
8675
8376
1719
6847
4523
7306
388
6869
5348
9276
10713
9452
3938
3342
5515
3921
2189
630
7226
8738
8541
779
7803
3493
358
2073
1023
10335
4298
4208
11797
4653
1165
1824
9140
4973
803
11579
3551
7647
6794
996
7795
11150
2580
10521
10165
2581
3580
6211
6392
11678
2318
6609
7536
2957
4812
1673
11082
4387
7085
9250
1057
9954
5708
8204
9130
8952
5925
1179
10669
8846
6219
396
3555
8822
11340
11080
11517
11563
9549
6968
7321
1727
2522
3394
10489
3739
11403
6171
3679
2467
10694
5844
1862
2802
10685
6347
10526
8277
3798
2334
5975
7921
2228
5362
11218
1424
7393
3614
3349
2070
8808
1614
2987
7291
7492
2178
7944
2629
1065
9715
10053
11507
428
10546
5494
5731
5121
1878
4451
1849
6383
682
2894
6370
11734
9662
4105
909
1944
9531
9115
6085
3341
8666
1626
4702
4565
9584
8531
6112
7392
492
4820
7938
8411
3463
10395
445
264
4788
11086
6601
2834
10542
1583
4863
8685
11757
7672
9339
10693
1711
11539
4732
518
6247
6111
7958
2601
9333
8215
7532
7928
7520
8264
4347
5032
2905
10960
4413
228
4404
768
9025
3913
7499
3831
5612
2653
1802
6818
7518
1238
2895
2561
1826
5757
4894
9434
11817
9812
4768
6278
5158
5048
4730
2896
5856
5931
843
4666
11189
8624
10011
6325
5897
7265
4315
550
8717
392
3636
7113
1713
7706
9062
2169
1292
3297
2229
3051
611
10741
5977
1066
4024
7018
3499
9150
7844
5887
4083
8372
5496
1418
5407
1759
4470
917
1529
11232
5288
9722
10726
3148
990
8953
10684
7232
8331
7962
10791
364
9653
10806
3999
7345
10629
1360
4557
1620
8362
7722
3960
1613
10529
10482
5371
1414
10613
895
3115
10729
4797
1659
4475
5566
5699
11560
8591
647
8433
9591
8112
7169
260
2769
3461
2953
46
117
10799
16
9846
882
3360
6099
9446
10224
9953
5431
196
2329
4701
870
6715
11699
3062
762
9922
11130
3169
2055
1823
8198
2354
1682
8674
4487
11886
9516
9061
10415
3203
8175
885
1669
3096
7612
1267
4255
6223
3431
3663
7213
3484
6122
6267
8969
3629
11764
9903
10110
10855
6509
8071
5809
10251
1653
7505
1637
6776
6913
5386
2250
1773
6543
10986
6524
8978
4750
594
10786
663
6920
1097
5266
8681
10958
6367
496
5461
65
2842
5260
6087
4836
6843
1316
10987
4562
11018
9505
2106
2985
2755
6026
6229
10652
2803
8390
11037
11889
8905
1220
6825
11062
3877
4407
5354
6379
259
6501
2280
5108
8999
11472
609
3196
6093
595
1351
6315
4279
8324
539
5818
5013
9387
10050
211
1565
9336
8321
5295
4466
10331
5546
4131
498
7515
5151
2435
11839
2031
7365
4964
11366
6277
6417
3142
6438
2066
11372
8062
7233
963
2833
4798
4269
8237
9966
7019
10532
11122
11213
7885
10913
11407
6280
7425
8292
9630
11618
6195
720
3220
11291
2893
2126
3286
11559
3881
10417
7184
8658
3281
9321
10734
2362
6668
9822
5161
5620
9362
5208
8588
7618
10229
3705
1750
5091
4937
4987
3726
3945
11688
4340
5486
8655
11750
2208
11530
115
11855
10604
7272
8828
8516
2048
2221
1982
11320
7480
2035
11250
11685
10431
8048
10055
4909
11438
386
10936
11077
10378
2926
8471
11798
5498
2661
7155
8703
6575
9533
952
3465
1216
10534
9939
4775
3066
6402
10994
9435
8010
3639
5928
5356
6361
10563
864
8301
710
10833
5543
3578
1623
11115
5020
6756
2681
5026
8344
6259
11875
2808
10353
1729
1024
10433
9368
1539
1454
6740
3259
10796
9459
3040
3163
4359
6323
7690
10582
8260
3443
6754
1696
7924
9562
11264
10074
11656
5723
11881
9974
931
2766
11422
9270
2063
8729
7215
8600
4824
5525
3173
8877
824
7695
10800
8762
11087
7311
8063
10274
6728
3609
10382
2908
5800
4902
8144
6885
5008
1900
1466
10375
6865
2377
5684
6249
4113
8984
451
7014
4007
2506
2249
10368
3103
6102
7339
3233
10923
7630
11519
6512
10347
7186
3703
2646
910
2971
5647
9253
1649
5081
1956
243
11005
3885
6953
6647
10764
7216
7286
3584
352
4691
7756
5143
8923
7655
3956
9712
5789
3134
10314
6645
6423
3540
10617
3790
11787
11379
6010
5202
3250
2160
6822
1076
877
9480
908
5751
7108
7531
5290
991
5388
398
3442
5967
11821
4659
8056
11681
5070
7524
5435
5028
9180
6333
7413
6987
955
2403
5949
3901
5296
2003
4448
5251
2199
9705
7222
6375
930
11263
774
10049
8238
9392
11286
3771
2970
4561
5730
2277
2498
8980
6471
7570
2541
9456
7771
966
9629
532
3789
8818
11505
7516
10267
10198
9616
7807
2185
8286
7770
5365
5406
6535
821
946
4692
2037
2635
6771
4375
7118
7774
6181
6344
7875
1538
5245
3828
4187
5617
1035
2308
8007
7529
3433
387
2463
11693
3077
6437
6735
9043
656
10910
4081
9994
6633
4849
1145
7375
2703
8965
5904
2102
4228
8540
9242
11206
942
4704
2814
10615
1074
5701
101
8753
10398
11396
6006
1300
9687
11177
9735
6007
9322
10202
6487
1132
8815
8022
8950
9673
9350
657
11047
10818
10787
1761
5298
3518
3766
5781
11770
7043
10425
10660
9178
6827
1462
10342
4320
1311
8910
3688
6743
9005
625
5322
5495
11643
11491
2817
9398
11650
6331
2273
11117
3
2713
6450
1245
2909
4200
11533
8035
10772
11007
8104
9972
2683
9731
463
11364
10896
7709
3810
5462
4846
1388
6404
6709
7577
8461
5541
7715
8876
9879
9937
6079
9517
1450
3372
9167
4759
6199
11587
9948
3269
4779
7171
443
10830
10424
7724
5047
8976
6974
5381
4716
3192
9800
6550
8709
11431
6934
2008
6081
7550
1294
1775
4586
7960
7356
3572
1665
9583
7787
773
4957
3923
4064
2776
10664
7848
9888
2676
6372
4930
8688
1021
7450
9413
10716
874
1158
4867
10155
8908
3833
10528
6997
590
2375
11803
6816
3087
7692
5971
891
5929
4097
11812
6895
4376
11065
7230
9835
10773
1697
8021
3042
3043
9466
4620
10022
5861
2532
6651
10179
3953
4890
2373
11838
4070
8929
10071
3648
11337
10608
7809
10512
11514
3102
7704
9347
4319
5131
109
2915
3566
1479
2154
10206
7501
320
5682
1305
132
1662
1801
7115
8900
5659
3464
11215
8154
6678
10094
10020
10809
6576
5194
1325
5910
3375
3792
2963
11581
9071
6785
2413
7941
5176
4642
9291
5293
8493
4147
6350
2969
2722
9465
6521
1683
2267
2052
9013
967
9728
7970
2559
3632
6413
876
10112
11444
10998
11490
1302
7218
1187
11502
1985
1153
11374
5122
7653
7461
9241
4428
4289
890
6406
5974
5499
3296
10259
5869
2918
1174
2321
8122
8092
4213
4275
9830
6
5702
9474
5405
7697
1230
10429
10334
8077
7691
9650
4170
4268
9438
621
3774
8871
2018
8068
3145
138
10579
10455
1550
4712
6458
5360
6810
3393
4835
438
3664
8226
1317
7837
6562
321
4223
10464
9689
2994
244
7010
9231
2902
5574
2397
7562
9951
3361
5604
3630
11256
1854
11378
281
1483
7045
11292
8329
7899
9883
9026
5976
7261
7252
6625
1383
9179
8739
1593
1575
3768
9536
7387
9824
9132
3348
9262
5908
10545
7782
1903
7191
5342
573
9056
6807
4215
10363
1281
1422
4656
1172
86
5061
1618
2251
11896
9332
429
2921
8069
10244
10003
2485
8586
9794
4230
10951
3507
7259
10157
8832
786
6269
11865
9601
5833
7617
8535
3904
10675
9391
2804
8533
3248
8781
920
7702
3599
3775
9621
9187
69
8893
4102
8524
9203
4568
8915
4290
9658
4553
9697
841
1908
1739
9453
2862
6695
3231
11319
6614
4391
8485
1102
1902
6755
10151
10348
4638
10965
5185
8223
4551
1598
860
9931
7301
5289
3425
6886
1868
1807
3589
3942
4015
11246
3424
1893
6608
7673
11852
7792
3989
11544
9007
8556
9331
1129
3951
9363
9404
7886
11651
10145
11488
6900
1967
8283
11683
10513
2453
3812
1490
10422
1832
10891
5884
2085
8364
2849
7820
2959
646
10322
3144
4840
10977
6970
372
10577
8521
5393
4781
247
928
1657
2789
1873
1354
6907
1718
1393
9278
7789
6391
7910
9201
3198
8333
5152
7368
8948
9787
9923
5846
4109
11583
2951
6856
6025
5240
2021
7686
11148
8974
3841
2912
2042
80
180
3509
7434
10084
9896
10753
8878
11261
205
8836
3890
8560
7358
6604
11580
6988
4734
4077
3063
5159
5797
1658
10189
2984
5819
1389
6599
10868
9287
4052
4181
2509
10557
3878
6110
6850
10170
11346
1738
5817
11353
4204
11331
5148
814
7649
7603
4610
9772
1446
4767
1031
6983
5005
8796
852
10418
706
6558
9962
11774
3013
5155
11829
4420
9085
7076
10839
11375
9723
4528
11317
302
3931
5071
151
3363
4600
8221
565
9141
7466
453
7152
4368
7223
11818
3842
3692
11109
1093
1283
9624
11428
6675
5408
2307
10983
10655
8772
6052
1810
10323
3266
10625
2064
4203
2903
1679
1946
7951
6672
4006
6902
8145
3256
7667
8637
10104
9943
6359
10917
7039
7822
635
6877
6896
1284
209
6165
2638
7326
4761
11161
2355
5906
6812
4896
5137
2962
2220
3940
816
5037
11212
5149
2704
9266
1374
7854
1386
7396
3719
11234
9703
8824
2932
10775
6696
7916
10486
4234
1020
2576
8315
3939
3329
9821
2501
3090
5724
527
932
556
3377
10649
5436
9554
9280
2258
4373
6316
8180
8661
6149
10651
10318
11173
434
8542
8769
9166
11236
5313
6448
8491
4307
6461
9782
1465
11598
695
1937
4908
7909
9163
3585
5828
10217
10824
5761
446
6670
5283
4597
3751
3638
367
9956
8227
2537
6322
9382
10968
7242
106
7491
7049
7642
5521
11145
10006
6327
11494
5490
2625
6622
11420
8515
4717
4107
9757
11202
8551
5827
2840
2853
3099
9563
3453
2827
5794
2795
3780
10391
11830
9375
5728
5473
9073
5506
3832
4163
1969
3481
3294
9818
7966
9558
5459
11386
1199
10782
2947
8956
10088
5714
120
8805
3284
2022
9316
5535
9098
9283
6096
4473
4739
5368
5087
8727
5876
3185
8899
4851
9499
4522
9
8217
3506
7957
2023
7721
11847
5373
10131
3869
9714
3550
8592
1523
10340
9973
8632
3533
10583
10365
938
11658
8365
8612
4380
4087
3735
11278
11191
2396
1167
3420
10033
10128
4765
753
3201
8213
9215
4402
3295
4599
9292
4456
8029
1028
1451
4864
11827
9183
5891
1799
7141
615
6496
3643
4100
232
8273
9018
11061
3541
2166
4990
2715
4031
3711
9741
9748
6117
1184
269
6783
8740
3164
8704
3050
8763
6749
6687
5631
9060
2818
6154
3071
8607
7274
9204
6506
10495
230
2685
9617
3803
11199
10740
4621
6862
5242
10283
2324
2793
5285
7905
8579
5460
11180
5497
10231
6482
6623
9482
10832
9400
2679
11162
667
4931
4632
8101
5911
7990
5292
6118
4667
9721
8880
8251
10665
5901
9488
10783
3777
9766
10646
10873
10330
7409
6546
3048
2028
4710
2642
11248
2244
7699
7908
9258
7158
6493
747
7140
5252
1096
8680
7881
447
2193
4668
9573
1286
6884
8480
10226
602
127
1277
8323
4397
2877
5921
2013
9045
10156
3190
4345
7973
4400
8271
11349
3721
11479
1185
5253
2398
5776
3592
8520
3161
4295
6592
8242
10290
3472
9254
6962
430
6613
1660
8514
3006
10188
5816
432
7329
1470
9103
11343
4029
544
3399
11485
7514
10126
6846
1789
3108
8361
11540
63
11433
7170
3204
10272
11879
5136
8359
8940
7240
4044
10385
9084
11820
1915
6490
5718
5000
10401
3917
6295
7324
7189
2874
3221
5188
2002
3797
3926
7087
1765
2235
6757
2382
6703
10397
8865
5089
10993
10254
7752
6289
3010
2819
555
8424
8123
5648
5233
5448
6594
3731
1516
6174
8785
1437
11010
11300
4592
6975
3065
9828
9022
8318
2745
7985
6191
5722
6086
6130
238
8585
6958
5878
7563
8295
5162
1168
3973
9570
10963
4039
3979
1768
5697
8328
4787
4922
2345
7439
353
3724
7299
93
4885
9654
3268
10337
847
9069
4960
3346
4923
11345
11854
8534
9719
901
4377
9305
5433
4684
3447
2108
11437
1448
4613
3315
424
9756
7593
5412
6034
1440
9277
6821
1836
2658
715
6656
10707
10257
759
8255
9475
4384
8247
6175
11775
7745
10178
2618
2281
1722
11624
3162
4467
7096
684
6388
9606
10434
5334
5808
8031
331
7490
6381
5257
3223
4790
444
5308
6028
9657
4532
6596
921
6556
11309
8841
2202
746
5051
10366
896
7812
8191
10581
3553
4631
6023
128
10089
1460
6848
7619
3225
2026
6518
5989
10184
6657
9080
8100
2099
4645
7634
11160
1002
7591
7200
8778
222
8186
6858
9761
2327
5711
2907
233
7248
1842
6190
1507
8378
1929
9366
7137
2955
3237
11822
4685
649
8677
6912
5576
5109
2725
10149
10601
10524
6069
1692
9990
5411
3795
820
11653
9041
2502
4130
1411
7136
28
9067
6074
10627
6593
4219
10403
3985
503
11528
9826
1308
9680
7054
7628
5076
10488
7167
2415
5700
2322
6927
1744
4360
8352
6722
10657
11686
7058
9952
1816
6164
2880
8613
92
6685
2787
4394
1646
10945
3656
4238
3327
1467
5512
5400
3104
3604
9908
15
8294
2986
7092
8262
6187
2564
11448
1650
989
5955
2347
2530
10296
9485
5383
3005
11313
2964
535
10261
4828
7651
7567
1954
11151
4205
751
5377
7190
8714
10172
6664
4538
4374
8548
7156
7813
8220
7889
412
3354
8415
2941
5491
6403
10420
1821
6016
5982
10029
11008
2868
147
6418
1898
10115
632
6748
6648
5780
8422
2534
8577
3358
9361
2089
588
4682
8430
3925
4637
3787
9290
1656
4821
9112
6114
3729
5177
6200
7794
10519
10481
2816
6889
686
3073
8088
9467
11175
11661
6348
8848
1685
4745
7900
4657
11795
3194
10082
4888
3389
4059
7430
5651
2546
5001
9988
5150
10843
980
5567
2399
3438
5517
4434
1484
8290
6690
3912
200
10499
381
5685
3345
1578
3292
1652
2104
1608
8339
1572
8406
6101
2133
6270
4904
5579
10412
3121
7340
9148
3571
4936
825
9932
3114
1534
4780
2670
10276
3471
1188
1128
7476
10193
268
10414
6542
3052
5668
5947
314
3495
4975
9868
1776
5630
10997
7969
1029
2162
10376
11695
2380
3191
2770
541
10476
713
1887
10161
10040
3136
8856
8181
8492
570
1050
4913
4546
815
11867
10912
4925
627
4892
245
9093
4558
11740
1712
5873
5564
10086
3508
9526
6454
7947
3523
203
3227
6682
6830
3437
11843
7620
6185
8403
6532
477
3210
6222
7823
2179
11463
11703
7937
7858
2589
4979
3000
3848
1429
9607
5676
9449
5589
6346
8563
6887
6738
7044
4326
2125
9048
5422
10452
8508
7643
7901
9260
2479
960
1421
5786
5
8583
2977
2596
2654
1666
10051
4164
52
3034
3763
8543
4969
10099
6840
9454
2291
1860
4718
3216
5021
3894
1872
2758
10148
3644
9810
4574
7227
6559
5479
7657
5094
4919
3466
266
6168
4060
6266
1221
2828
8450
1122
1726
5917
8259
9746
1708
3582
3379
5591
10166
1226
8487
2719
3232
11358
5689
187
11531
9493
11648
2450
5903
3785
8336
8519
4512
9403
6629
3676
9470
11350
2565
2996
6636
5770
9457
4857
5274
7824
2130
5317
175
7157
7510
10999
2535
8798
9496
11220
8947
7621
730
2061
7864
3549
3001
2201
9414
11091
10281
11310
6711
10728
7648
1906
1487
10068
9311
8722
8308
5760
4231
5610
9038
9897
8826
3761
4806
104
7285
5754
683
11620
6035
5584
7391
4527
8914
1080
4174
9473
8546
7225
2562
1533
4489
8847
3734
3053
10185
1737
1528
2604
5942
5569
1973
11556
6606
8040
4168
7120
470
4027
8138
1962
11076
6655
7051
8981
10779
6829
4392
9169
9660
11791
8728
4994
10187
7282
3994
1695
7716
5222
6726
8503
4740
1813
3645
8265
4910
5415
442
9272
7637
5793
5596
3497
7000
1740
2746
9823
277
382
7458
11666
1350
1399
1551
4839
2370
7182
6747
2237
4881
10862
4445
4129
11085
5403
10939
2837
787
8756
7131
9068
1863
11342
380
674
257
4468
10877
3880
7420
5926
6676
2917
5204
4117
7084
9711
2838
3567
9706
6472
3783
11595
907
1163
10031
6307
5958
1647
6770
399
377
9785
2336
5894
1997
3706
9717
3007
3978
11873
8049
5530
845
6073
3937
8768
4809
1004
4680
7145
7639
11341
7005
7377
5687
4695
5784
10212
10739
7335
3872
9184
4802
5217
543
4214
7394
8833
11157
2315
7135
6212
2059
10894
8374
3179
2097
11201
4447
5823
8041
7543
5153
2038
3936
11135
5294
8683
9857
6386
7020
8853
8760
5239
4165
5375
3246
11869
8744
6232
10731
6790
4721
7512
725
3212
3750
10123
11506
1231
7801
61
3854
9345
1619
3569
2384
10920
8975
3370
8749
2740
8478
11456
3520
3957
6720
2477
4419
149
10979
10133
3427
5686
9437
1825
7785
716
10640
1353
9281
8162
4947
5994
9177
2832
5851
1358
3997
1445
6324
2109
4993
2476
1586
11012
8911
7766
7986
2173
1984
5286
8168
2283
9431
7993
10712
10380
5053
3653
6600
485
11405
124
3512
9750
9786
745
10827
3046
10539
10018
3718
1747
2556
4996
4161
1924
4658
5174
3054
4019
7888
8787
4905
5163
2148
2991
5107
6208
1809
5632
10457
4989
9399
7733
3786
10742
2594
3218
11846
11124
5777
5115
7666
10683
9509
9371
10245
892
6095
11760
11351
4171
11251
5009
9207
3188
10922
5735
10964
8163
6607
144
2754
1530
9218
3307
2436
8609
5187
11746
8090
7332
8073
6345
1347
839
1952
6015
6018
2156
11306
11024
10105
7211
2304
6334
7589
10820
9585
9320
2393
1332
3014
452
7750
11190
2286
1834
11779
10064
4726
7522
2188
3011
292
8173
11864
3561
8927
11152
2686
9139
7568
7323
1488
11044
5624
6103
5147
11233
2503
7308
4399
9744
2266
10346
4124
7527
8074
4135
8743
6475
1398
9152
10175
11629
1455
6469
7355
7997
4331
2090
5639
8209
4144
6470
4366
5877
4383
5254
11584
3510
4825
5675
7926
9421
9494
8522
944
9555
2197
9768
7509
9949
10444
9107
10268
4035
1413
10885
6806
10690
608
10597
6763
3867
6151
10573
9196
9244
5611
3799
11134
481
2714
5216
826
6579
2897
583
5271
8490
6693
7317
5988
6442
5842
467
2592
5075
7662
1303
7469
6631
11066
5829
3670
4251
1415
9248
2053
10781
9175
1416
11593
6252
4212
828
9797
6318
304
4624
4652
1116
4093
10041
782
5683
10541
7913
9171
3320
719
11118
4178
913
2660
11169
4085
2300
10905
4660
4948
4634
3241
7917
1173
5627
10899
4954
1453
10536
1072
7325
3919
10100
8668
6416
11788
8409
169
7906
323
8334
11244
3224
4744
5745
10327
5501
2248
235
4499
4818
6466
4914
721
7069
10379
6030
5302
9845
10930
1563
4916
5033
284
2385
4278
8423
6811
2938
4669
9394
10325
10410
7616
8353
9692
5156
6936
10038
1977
1047
11055
11090
6092
514
3895
10755
4711
6008
488
6216
9820
585
5468
961
9644
7744
3323
6774
11568
4033
823
7979
6871
6832
355
11269
6857
5004
1095
1543
5380
6861
10701
4983
4844
11877
11430
11799
2071
8167
7912
4218
669
2573
6650
2223
11176
10032
5464
11042
9432
2481
11566
1435
5017
8780
7370
6196
992
1895
9104
9817
5709
4796
9539
10916
5248
10985
6553
5424
7971
3959
6382
8941
11900
9861
4494
1395
1404
2217
8639
7129
2344
5243
4386
6251
5628
812
5067
3255
7882
2292
11017
1401
1043
4488
280
848
10320
9720
7412
4080
193
10711
1678
4167
4277
1062
7846
6135
3483
6291
6567
2138
7872
2093
11723
9971
7669
7720
2265
6737
6917
959
8707
10024
343
6775
9682
3529
494
1017
406
4090
5437
8617
11622
6261
4046
9186
8973
665
1889
778
4848
2340
8640
10005
1471
10884
7473
1293
6183
660
10241
11116
8916
4229
1144
5893
9926
3673
11185
1089
5980
3607
4683
7574
6038
601
563
4720
8495
10599
2007
9904
1040
7154
5597
9042
9372
4337
10460
9686
11826
5166
2852
1243
6401
6985
4514
5199
11753
427
5915
9799
10942
945
4138
9015
2137
1833
5344
9364
2299
1428
10341
1295
6719
7682
7887
11258
2497
10142
6374
6296
9055
11247
10364
3730
3423
8964
9564
3340
6088
1313
9917
10324
7316
6430
96
2548
622
3659
1753
458
10585
11390
3459
9571
7797
2929
3618
4050
5132
7863
8873
4535
3521
11885
10098
10432
2409
6744
8085
1950
5748
3140
552
11032
6686
7936
1330
699
2075
4498
1135
1178
7551
6859
3139
1912
4245
4159
5792
8598
9031
1926
1758
4162
2875
554
832
1236
7235
10628
6221
10556
10715
5799
2339
4655
9514
9176
10471
3252
11020
8511
6725
11238
1247
7056
5429
4991
2540
8276
6063
10228
6292
2739
3147
1151
9285
6989
9507
11455
3788
9100
9052
11858
2859
173
4961
8253
8434
2526
6341
793
7987
636
5425
10553
210
6965
10247
2176
8230
5080
526
2682
7632
7487
8360
1945
6892
7001
4929
6560
8906
10714
11512
5190
5201
8673
8594
3603
9918
9257
11535
4324
2568
3330
410
2648
7767
2230
11227
7891
11727
4672
9919
4216
3317
8735
11575
5372
2207
1022
6992
7976
9155
466
8550
1882
3674
4443
1764
9412
2194
10982
2768
1
1229
2079
3610
8757
119
5573
5392
2799
4017
2468
8949
10207
2610
9344
3686
974
9245
10632
11758
1117
5922
8693
10269
5210
1774
10813
5961
1940
4842
1005
1547
999
8288
9379
8335
111
7221
2279
7029
985
5259
10271
9854
11295
2301
6663
9269
10549
4358
5419
11192
2549
1612
7566
495
10146
521
8306
7360
7559
8410
7684
6332
8442
6393
9113
5614
7943
9535
2512
1749
7852
6716
3306
9902
8303
11435
5328
1564
5465
5395
11363
10057
7475
2457
4490
3587
2524
10511
5772
7834
10242
3127
5571
10860
5413
4689
1786
7153
11606
6901
4469
6340
8539
599
3935
5215
1473
10643
7762
3538
2585
4850
1571
2805
10183
9079
5078
6260
2495
4515
11592
12
11868
7730
94
5480
8820
978
2234
10790
5073
3909
764
8169
294
5282
1182
5170
8791
5441
2939
10132
11354
5197
9469
2717
8407
2664
9021
156
11641
5173
6202
10291
8193
11898
2226
11142
6138
9416
10535
767
3430
5544
4950
7493
10723
6998
5920
6235
4757
3156
9540
8080
9885
11408
4906
1955
6746
3486
1628
3708
6427
7736
10500
4388
579
8998
6387
2567
3958
7361
2677
391
9402
11725
2044
8746
10836
9374
11615
5396
6306
256
8263
6508
4554
8784
4623
9899
6273
8864
8147
5999
5458
1818
1709
2655
3020
9099
9511
4099
5212
10305
327
838
1981
8528
4449
8819
18
10605
8552
6298
11600
186
3078
1407
11697
3202
395
5972
7689
8565
241
2570
8197
5938
3374
3009
11780
5644
3069
4284
5471
8604
11323
9101
3335
1715
59
11564
10847
5165
6213
3660
3085
3697
8946
4808
3952
1840
7035
7016
7250
11281
4067
4935
1835
9635
1203
4286
4772
10458
666
11614
2087
3947
2010
4472
918
1976
7788
9390
8917
11048
9589
4943
10808
3187
7217
3410
5270
3489
7594
6831
906
1781
6605
4884
7932
977
5965
9191
7741
9082
7112
2723
3811
7751
6335
1536
9984
2143
4762
6294
8148
9612
8595
536
4782
3369
8298
312
4322
1995
1942
8300
2667
1855
10492
5505
2967
7602
4981
1254
3384
7172
3651
9294
11285
8143
11836
6497
3934
2350
1916
9126
2785
8172
5590
5616
9303
11707
10747
3752
6083
1897
8806
3383
6878
8438
3889
248
3819
1105
8936
1373
1426
3700
4354
10139
6312
1511
5309
4733
1675
4057
8716
5762
5031
8851
8625
10507
4321
9553
9445
2216
8034
11596
7417
10622
2678
5716
2285
2172
8296
10610
2496
3070
4838
6778
11149
5888
4731
1371
5452
887
2005
800
4662
965
91
9743
6589
3439
1606
3068
4065
7829
5778
1907
2515
199
883
4025
549
1867
11241
11882
2200
11673
8912
8183
5347
7046
871
11141
8920
5613
10097
1456
7176
6182
5680
4921
5394
7453
1733
8473
1270
306
11739
6027
731
9551
9665
691
7219
2367
5097
8314
87
10467
11719
338
5111
403
10477
4242
6838
10758
5847
10941
3086
8150
2245
2159
7571
4917
866
9014
8922
914
3545
3562
5729
5690
7819
7579
11765
10435
1366
11058
4984
10186
1871
3911
9547
3813
10948
5083
6888
1212
10199
4177
5756
10309
8388
3846
5880
208
5704
184
2215
5633
2626
6642
6637
3873
1326
4406
6397
3350
7713
5775
3243
2078
562
7138
6300
9604
11745
10984
5261
7353
10674
4547
9255
631
3019
8084
1176
11524
6677
6311
10303
3591
7711
6841
11045
1949
11339
5707
4868
10849
7614
8018
7786
8810
3699
2992
5587
10688
10614
1870
7033
